$ANSIBLE_VAULT;1.1;AES256
61376635316464373734323430343734343364616334613236346138613166653465393430393565
6235306435383230306366363134656364356134623434640a303264383630383632613661663061
35313638363333613839666537363339333963383332636437346332363231626332353362663265
3033336635326339350a313530623161306132346533336236343566373434366565386464313931
37666639393837306534343436656265323535646232623831373364653265623161336434303331
62323031626465353961643132313538303131613961626563373834303533353531343738386536
34663032356539613934363639643638666339626464356135613330666331393132343732313232
30373335353736656566333464663539393864636430383466373537353662613135306239313363
36313562386161343433336165313831393865326339303762343531313532393863653432383436
31323335623333636532343934363436386531626633383361356430656166356636646339376564
37303565366534323933383239393432373631396335323166613235653135376433623930393330
35323961323134306564383664373734323830363535303637386366666466643861386431666430
31306261383039333864383462303838646139663661303935633238323730656234373730353031
39646434316235663361346637616432323234353762313762303139313865336136326662656134
39636165616162393435323536303363633133393939383261306662376665316139663065336339
37333932393936653965623964646566326266386266653932326561306639346263303335616239
37393634383237356166366666643336653961363534313366386535353761333962636563323765
38363364333131613465373734623438363765623465356566373732343165616333663135366439
643037333036663162626164353361306331
